state,u1_rad,u2_rad,dj_deg,x_mm,y_mm,theta2_deg,roundtrip_rad
START,0.000000,0.000000,0.000,90.095,299.402,135.000,0.000000000
READY,1.600000,0.350000,-233.000,-385.885,586.883,60.516,0.000000119
SKY_READY,1.643000,-0.150000,-222.000,-447.509,446.617,77.972,0.000000119
KEEP,1.160000,0.720000,-270.000,-114.655,683.097,63.190,0.000000358
SKY,1.710000,-0.500000,-205.000,-474.523,335.910,88.782,0.000000238
LOW,1.643000,-0.150000,-222.000,-447.509,446.617,77.972,0.000000119
LOW1,1.600000,0.550000,-241.700,-356.299,634.917,52.876,0.000000238
MID,1.310000,-0.020000,-143.700,-299.395,515.693,85.726,0.000000220
MID1,1.250000,0.600000,-153.700,-181.535,664.000,64.336,0.000000119
HIGH,1.330000,1.180000,-161.700,-88.258,760.978,39.125,0.000000000
GRID count=10201 max_angle_rad=0.000002384 max_position_mm=0.000220065 failures=0
UNREACHABLE requested=(0.0,0.0) returned=(33.920,-0.000) error_mm=33.920
UNREACHABLE requested=(900.0,0.0) returned=(812.920,0.000) error_mm=87.080
NEGATIVE_ELBOW before=(0.500000,3.784300) after=(-0.021308,2.805608)
